12634
13228
13540
13787
17071
20016
20069
20095
20099
20100
20107
20112
20123
20167
20209
20211
20269
20304
20306
20319
20320
20331
20360
20400
20421
20426
20434
20452
20466
20477
20497
20534
20535
20579
20596
20621
20634
20643
20668
20672
20681
20698
20715
20741
20746
20747
20762
20773
20778
20807
20818
20878
20900
20942
20948
20951
20959
20984
21020
21025
21055
21087
21116
21167
21182
21204
21214
21223
21243
21291
21405
21415
21416
21428
21434
21484
21565
21596
21626
21653
21723
21727
21733
21757
21762
21777
21779
21785
21787
21790
21848
21904
21957
21959
21978
22037
22039
22075
22106
22118
22129
22131
22173
22195
22208
22215
22275
22312
22316
22319
22321
22365
22387
22390
22401
22460
22526
22548
22586
22618
22629
22643
22648
22653
22665
22697
22706
22741
22750
22764
22768
22832
22839
22866
23021
23026
23051
23059
23074
23144
23150
23176
23212
23231
23268
23447
23460
23475
23493
23505
23522
23553
23562
23594
23731
23832
23837
23850
23855
23896
23897
23922
23954
23957
23968
24001
24005
24019
24020
24036
24046
24072
24074
24097
24113
24116
24175
24192
24196
24203
24216
24384
24395
24411
24436
24466
24475
24522
24555
24565
24621
24624
24641
24725
24731
24848
24896
24926
24968
25024
25046
25153
25233
25260
25264
25289
25295
25318
25319
25325
25375
25397
25411
25441
25507
25508
25589
25640
25645
25650
25687
25708
25738
25765
25792
25814
25829
25847
25904
25935
25940
25950
25992
26063
26095
26114
26116
26124
26153
26276
26280
26300
26325
26343
26390
26481
26511
26573
26580
26622
26636
26648
26673
26750
26796
26803
26821
26861
26987
27036
27050
27076
27116
27120
27147
27153
27193
27249
27371
27374
27407
27441
27499
27524
27559
27575
27591
27594
27644
27653
27670
27674
27745
27773
27780
27820
27864
27878
27888
27890
27897
27910
27920
27972
27979
28001
28029
28118
28141
28281
28287
28292
28309
28319
28328
28337
28371
28377
28393
28409
28410
28489
28507
28529
28536
28564
28585
28602
28679
28735
28769
28773
28858
28859
28863
28870
28911
28920
28926
29029
29035
29057
29063
29097
29119
29179
29193
29201
29226
29281
29303
29316
29364
29397
29481
29491
29528
29549
29562
29580
29607
29644
29692
29718
29797
29902
29907
29953
29959
29978
29981